b 1 0 17.320182 1.900975 -1.275178
h 5.100983 0.447598 -1.503162 -0.064252 0.003446 -0.010331 -0.003095
h 10.389957 0.378430 2.027599 0.027875 0.042855 0.009758 0.040080
h 11.155978 3.231207 -1.400618 0.044779 -0.011664 0.082508 0.035534
h 6.326529 2.669239 -2.735948 -0.029520 -0.033971 -0.005056 0.010622
h 7.610758 3.326812 1.903703 -0.027419 0.050790 -0.025716 0.070576
h 9.710346 1.974170 -3.418498 -0.037230 0.086636 0.071729 -0.003665
h 12.076369 0.241388 0.099504 -0.033071 -0.084386 0.107984 0.014043
h 11.731773 0.691458 -2.593554 -0.016718 0.078278 -0.049853 -0.078858
h 8.123093 0.441808 1.849989 0.064076 0.078620 0.010654 -0.013560
h 5.178048 1.473937 1.546794 0.125106 0.012360 0.078564 -0.049792
b 2 1 4.773020 2.087003 -0.453115
h 0.297898 3.148759 -1.964250 -0.025602 -0.022558 -0.018404 -0.023804
h 5.811349 1.749104 -0.701882 -0.001930 0.004887 -0.054658 -0.019232
h -2.724781 2.421357 -1.652492 0.011673 -0.008317 0.049356 -0.010211
h -1.958350 2.073129 3.318575 -0.037214 0.032423 -0.005758 -0.013391
h 3.254785 2.845277 1.157536 0.029440 0.043409 0.039173 0.027222
h -1.292279 0.317747 0.189376 -0.054796 0.002380 -0.064238 0.058351
h 1.583883 0.065201 -1.908857 -0.011090 0.059466 -0.029424 0.019521
h 1.299364 1.695127 2.981993 -0.022853 -0.122281 -0.095800 -0.038189
h 3.463513 1.474256 -3.633806 -0.024077 -0.051753 -0.004461 0.013947
h 0.349534 3.413184 0.787289 0.098843 -0.050581 0.066446 0.005928
b 3 2 3.920535 1.816530 1.099044
h 3.169091 1.329008 3.303336 -0.082580 0.062565 0.005676 -0.079079
h 3.887583 1.364492 -0.315518 0.005162 -0.071137 -0.022202 -0.029143
h 4.504319 3.317422 1.732095 0.061189 0.025439 -0.015110 0.044205
h 3.469444 -0.453265 2.133470 -0.052036 -0.051667 -0.148632 -0.051693
h 2.627445 2.989597 2.427501 -0.067392 0.085241 -0.133944 0.049855
h 4.920606 0.480440 2.767185 -0.100680 -0.023719 0.036382 -0.041529
h 2.956107 2.788343 0.622565 0.047483 -0.053249 0.022450 -0.016131
h 5.562966 1.156087 0.732195 0.093828 0.031284 0.103938 0.017731
h 2.073103 0.566789 0.826522 0.026108 0.101072 -0.060096 0.165555
h 2.559250 -0.860697 1.541502 -0.171147 0.043562 -0.022983 -0.004333
b 4 3 2.721660 1.100170 3.087291
h -1.812210 -0.331459 5.304883 -0.085684 -0.006247 -0.009461 0.047397
h 0.859104 -0.099231 5.045869 0.067207 0.168174 0.027484 0.006330
h 1.554157 1.028913 1.947651 -0.143624 -0.227966 -0.111118 0.236235
h 1.056209 -0.797179 3.315735 -0.022296 0.100350 0.113458 -0.052279
h 0.635920 1.425622 3.338506 -0.201080 -0.024857 0.089223 0.268373
h 2.882411 0.389065 4.114654 0.078720 -0.065432 -0.113067 -0.029538
h -0.986923 -0.598225 3.811270 -0.019922 -0.035704 0.200133 0.020460
h -0.639625 0.822225 4.701897 -0.023970 -0.135914 -0.014378 0.017225
h 2.661309 -0.610197 2.777553 -0.007595 -0.031543 -0.127473 0.039100
h 1.785945 1.390629 2.374509 -0.182253 0.164895 0.195288 -0.513764
b 5 4 -1.841569 -0.264765 4.949655
h -4.476181 -1.234934 4.707649 -0.173517 -0.021165 -0.181080 0.086834
h -2.194807 -0.205476 3.893726 0.056306 0.096057 0.081947 0.170916
h -1.143550 -0.663855 4.502154 0.002260 -0.152907 -0.099222 -0.172255
h -3.379687 -2.102515 4.384697 -0.063096 -0.047049 0.090954 -0.012106
h -2.591747 -1.162929 5.399837 0.154080 0.371204 0.029868 -0.305988
h -2.058792 -0.252073 5.448611 0.138827 0.146463 -0.024931 0.305451
h -3.066360 -1.244500 3.693467 0.067518 0.169013 0.033270 -0.164088
h -3.732744 -0.560534 4.643833 -0.069990 -0.107616 0.125011 0.289976
h -2.077618 -1.617435 4.448525 -0.330792 -0.108935 -0.003777 0.078626
h -4.029913 -1.008916 3.767250 0.111870 0.110841 0.151348 -0.175491
b 6 2 -3.410162 2.068041 2.137379
h -3.674420 2.328579 3.082758 0.135993 -0.090521 -0.126951 -0.234110
h -7.244274 1.742195 1.709684 -0.029114 -0.023950 0.019285 -0.085787
h -5.287576 1.130570 1.115459 0.091811 -0.024836 0.009788 0.028146
h -4.205328 2.826129 1.962010 -0.096621 0.222885 0.022518 0.234997
h -3.752806 0.601423 1.878409 0.143251 0.139618 -0.002182 -0.082720
h -5.161919 1.120455 3.105693 0.117790 -0.049185 -0.020318 0.037667
h -6.753668 1.092252 2.863219 0.040583 0.042690 0.050971 -0.013265
h -3.287758 1.184572 2.838883 0.148077 -0.097946 -0.081650 0.168978
h -5.340989 2.482096 1.956443 0.085808 -0.313530 0.070409 -0.101844
h -3.115156 2.091217 1.489385 -0.142949 0.228539 -0.075219 0.101835
b 7 6 -7.061232 1.201583 2.093188
h -7.778491 0.588354 2.939998 0.200747 -0.032163 0.526440 0.683436
h -8.568938 0.006802 2.170930 -0.233385 -0.473554 -0.140864 1.020058
h -7.032310 0.456738 2.458082 -0.004650 -0.000876 -0.159641 0.180649
h -8.125389 1.628079 2.300183 0.025239 0.456336 -0.251721 0.569325
h -6.795971 1.550270 1.699969 -0.170101 0.012597 -0.306235 0.029569
h -8.172408 1.416288 1.580877 -0.127435 0.093788 -0.003061 1.256349
h -7.374248 1.014238 1.383283 -0.159796 0.050172 0.063591 -0.166200
h -8.417763 0.849763 2.444113 0.617033 -0.330858 -0.661895 -3.270416
h -7.003948 1.050855 2.904546 0.177962 0.050464 -0.241245 -0.377967
h -8.095884 0.600377 1.327114 -0.007626 0.126638 -0.127880 0.225105
b 8 7 -8.883212 0.334248 2.131641
h -10.824791 -0.809016 1.724530 -0.078795 0.291802 -0.147690 -0.142933
h -9.950229 -0.986384 2.062398 -0.238168 -0.086784 -0.022388 0.688239
h -9.243740 -0.570127 1.804757 -0.457711 -0.087117 0.197973 -0.405385
h -9.903129 -0.095976 1.400371 -0.369374 -0.127251 0.269089 -0.118565
h -9.946342 0.101160 2.664219 0.500349 -0.148505 0.294874 0.897338
h -10.536946 -1.010872 2.347320 0.035192 -0.014884 -0.035559 -0.417798
h -10.365271 0.024165 2.015630 0.242338 0.296397 0.861935 0.032676
h -8.808092 -0.373846 2.240198 0.212388 -0.074645 -0.279266 0.096971
h -9.097554 0.148608 2.934885 0.079095 0.081969 -0.054097 -0.015985
h -9.272449 0.428649 1.474895 -0.089644 -0.129006 -0.189482 -0.402584
b 9 2 -3.742549 2.130702 -0.394582
h -4.815363 1.707684 -1.437150 0.051925 0.079411 0.126212 -0.188974
h -5.631492 0.483820 -0.135584 0.288527 -0.208874 -0.347909 -0.518760
h -5.930695 1.958310 -0.195024 -0.014267 -0.211591 -0.063908 0.047733
h -4.314290 2.042616 0.336950 -0.064840 0.068474 0.076431 -0.010717
h -3.738063 0.897084 -0.467430 -0.202698 -0.317239 -0.085550 -0.439067
h -7.594632 1.308541 -1.062065 -0.070914 0.106901 0.067878 0.130100
h -6.523976 0.354627 -1.128007 -0.290955 0.108634 0.054882 0.253684
h -6.071023 1.567364 -1.689979 -0.325596 -0.064770 0.070805 -0.826545
h -4.440304 0.536700 -0.176578 0.217982 0.212191 0.367584 0.960757
h -6.252363 1.048930 -1.728665 0.003002 -0.592439 -0.057447 0.680003
b 10 9 -7.228871 1.101527 -0.970966
h -9.807250 -0.762475 -0.744539 -0.079104 0.073520 0.089202 -0.012553
h -8.885778 0.208189 -0.398415 0.032865 0.266164 -0.368521 -0.175743
h -7.123259 1.536743 -1.278655 -0.137319 0.007388 -0.153831 -0.258005
h -7.920450 1.527039 -0.610560 0.119757 -0.001294 0.079038 0.038431
h -9.474615 0.437045 -1.246240 -0.075088 -0.086852 -0.005282 0.401685
h -7.682985 -0.141548 -1.528986 0.034398 0.112786 0.148153 -0.240749
h -8.814814 0.155025 -2.087632 -0.049704 -0.008811 0.095973 -0.008246
h -7.874871 0.936519 -2.001460 -0.161017 -0.131235 -0.145706 0.230747
h -9.422319 -0.859430 -1.900022 -0.045304 -0.028221 0.048595 -0.092915
h -7.871634 -0.011098 -0.503600 -0.090651 -0.100138 0.221130 0.225373
b 11 10 -9.737653 -0.633407 -1.436376
h -10.131681 -1.618707 -2.097039 0.292857 0.408662 0.033403 0.362747
h -9.872496 -1.666578 -1.481465 -0.074254 -0.216825 -0.081995 -0.393786
h -10.767216 -1.592256 -1.007010 -0.437444 0.068062 -0.257472 -0.407173
h -10.212137 -0.591925 -2.095420 0.292414 -0.135635 -0.076677 -0.685232
h -11.315512 -1.494002 -1.363532 -0.159312 -0.125193 -0.159560 0.517903
h -10.702397 -1.931970 -1.948130 0.188750 0.051035 -0.316354 -0.273419
h -9.479584 -0.207539 -1.151619 -0.359424 0.387008 0.327766 0.731824
h -10.253113 -0.792494 -0.906396 -0.023915 -0.544387 0.003388 0.009998
h -9.716766 -0.960326 -2.012386 0.394739 -0.016900 0.370710 0.870289
h -9.437460 -0.961967 -1.346486 0.229423 0.724550 0.082674 -0.467742
b 12 2 -2.841496 2.058845 -2.135742
h -5.715033 1.249414 -3.183577 -0.146285 0.023096 -0.014933 0.209798
h -4.662501 0.052168 -2.906801 -0.156632 0.010043 -0.019589 0.024293
h -2.928285 1.316158 -3.104441 0.217986 -0.057726 0.033255 0.041946
h -3.507942 2.410778 -3.097060 0.253650 -0.091145 -0.032354 -0.185413
h -4.046965 1.239414 -1.851798 0.335733 -0.100722 -0.122944 -0.481621
h -4.518604 1.251880 -3.587595 -0.140932 -0.013900 0.213094 -0.225315
h -4.002083 2.458833 -2.039297 -0.001337 0.083911 0.034423 -0.019760
h -3.003272 0.629372 -1.866884 0.251434 -0.053193 0.036992 0.459978
h -2.447637 1.645329 -2.119314 -0.040524 -0.178572 0.166520 0.250796
h -5.222373 1.621711 -2.195701 0.003617 -0.040079 -0.029354 0.007112
b 13 12 -5.924739 0.536531 -3.155297
h -6.573573 -1.059578 -3.540778 -0.033859 0.120932 -0.178704 -0.121505
h -6.873094 -0.513706 -2.676267 0.245755 -0.187957 -0.081059 0.345572
h -6.647116 0.538627 -3.060074 0.146945 0.095252 0.421233 0.519529
h -7.698493 -0.806655 -4.019964 -0.192355 -0.077495 -0.115085 0.336942
h -5.362440 0.862536 -3.289834 0.050989 -0.002489 -0.098977 0.051306
h -6.517682 0.104017 -4.133603 -0.345256 0.252095 0.041294 -0.388066
h -5.759271 -0.371365 -3.461585 0.032760 0.104130 -0.067389 -0.018560
h -7.909245 -0.687185 -2.857286 -0.275351 0.005514 0.063983 -0.699172
h -7.785457 -0.460166 -3.000105 0.699113 0.142302 -0.270743 -0.013397
h -6.885974 0.405371 -3.878513 0.130594 0.077350 0.389766 0.107109
b 14 13 -7.769629 -1.033149 -3.629827
h -8.499867 -1.025249 -3.613997 0.165563 0.163199 -0.042126 -0.357742
h -8.995275 -1.864606 -3.251953 0.181755 -0.008509 -0.094875 -0.530883
h -7.923175 -2.171253 -3.319784 -0.199875 -0.166073 -0.057243 -0.173163
h -9.511572 -2.507402 -3.875008 -0.043528 -0.003113 -0.131817 0.095956
h -8.763762 -2.126566 -4.423145 -0.022388 -0.182283 0.117072 0.366514
h -7.544787 -1.227760 -4.182623 0.106095 0.182454 0.226735 -0.149609
h -7.529315 -0.879181 -3.363711 0.100643 -0.021647 0.216573 0.485404
h -8.775986 -2.986287 -3.964600 0.072444 -0.060551 -0.326133 0.785786
h -8.516973 -1.271673 -4.147731 0.185035 -0.212360 -0.302803 -0.016173
h -8.880588 -2.596737 -3.313295 -0.376872 -0.398411 -0.290533 -0.293315
b 15 2 0.697234 2.105181 -2.110003
h -0.202532 0.647151 -1.150342 -0.077644 0.062890 0.108252 0.067805
h 0.305675 2.003948 -0.487340 0.035393 0.038623 -0.087754 -0.017139
h 2.564251 1.712053 -0.749428 0.033257 -0.055175 0.024417 0.014554
h 1.784559 2.461649 -0.850013 0.040352 -0.022267 -0.032898 -0.109165
h 2.356586 1.991845 -2.213250 0.090989 -0.076605 -0.067285 0.066930
h -0.841496 2.923294 -3.068610 0.002941 -0.072395 0.055631 0.035845
h -1.754960 2.175431 -3.066959 -0.173361 0.302126 -0.022833 0.353305
h 1.745063 0.860130 -0.735022 -0.099432 -0.042156 -0.019273 0.004362
h -0.547453 0.902773 -3.575215 -0.547061 0.226756 0.250027 -0.117403
h 0.712600 0.946390 -4.401790 -0.095786 -0.007933 0.108454 -0.249677
b 16 15 -1.648206 1.845687 -4.268406
h -3.983769 -0.013146 -5.366192 -0.055348 -0.151914 -0.015370 0.121349
h -2.146730 1.570699 -3.781001 -0.653398 0.387403 0.061855 0.253304
h -3.944433 0.608717 -4.303920 -0.041663 0.001545 -0.103740 0.109084
h -2.484364 0.552677 -5.184832 -0.140770 0.188283 -0.038140 0.579986
h -2.026804 2.212002 -4.910937 0.165533 -0.007413 -0.006854 -0.034107
h -3.046012 -0.132152 -4.116122 -0.244125 0.088110 -0.033784 0.114157
h -2.094129 0.612883 -4.189580 0.408089 -0.295306 0.002356 -3.031318
h -3.238458 1.143868 -3.896624 -0.224525 -0.141095 -0.132214 0.447868
h -3.085773 1.493121 -4.925192 0.000167 -0.089564 0.005925 0.027667
h -2.175860 0.257349 -4.655771 -0.556403 -0.300522 -0.876496 1.532027
b 17 16 -3.987344 -0.223621 -4.888966
h -4.078395 -1.337630 -5.068526 0.213790 0.442219 -0.129422 -0.793086
h -5.230323 -1.023481 -5.119015 0.171618 -0.299081 -0.296298 -1.386760
h -5.296354 -1.701591 -4.457045 0.175277 0.136821 0.093742 0.291566
h -5.231142 -1.621655 -5.447648 0.095104 -0.471424 -0.156845 -0.668398
h -3.796202 -0.799258 -5.107785 0.337861 0.889419 0.079968 0.936964
h -4.488106 -1.633423 -5.285305 0.272388 0.096108 0.169439 -0.287608
h -4.931558 -1.006454 -5.515371 0.200580 0.001404 0.002395 0.785808
h -5.504824 -1.892508 -5.139742 -0.340222 -0.048816 0.607911 0.451806
h -4.831160 -0.929188 -4.399801 0.159326 0.176507 -0.085605 0.194224
h -3.983171 0.066715 -5.085264 -0.182205 0.266000 -0.040462 0.661772
b 18 17 -5.082171 -1.875673 -5.127887
h -5.787090 -1.931935 -4.996537 -0.359461 0.051124 0.508323 1.026976
h -5.461698 -2.126914 -4.484316 0.306361 -0.026468 -0.122508 -0.158214
h -5.463199 -2.844000 -4.450695 0.015644 -0.429375 0.218053 0.468612
h -6.032713 -2.756441 -4.808011 0.518495 0.142157 0.055128 -1.048911
h -5.602287 -2.415579 -5.429303 -0.109343 0.152558 0.268947 0.006128
h -5.333147 -3.393654 -4.917124 -0.010806 0.080955 -0.115934 -0.735811
h -5.017523 -1.965589 -5.339115 -0.390785 0.366114 -0.282526 0.048753
h -4.976865 -2.765768 -5.192910 0.041017 0.539519 0.010081 -0.260754
h -5.901290 -3.307383 -4.635897 -0.713622 -0.063974 -0.581872 -0.378015
h -5.870642 -3.054779 -5.288108 0.402183 0.136528 -0.512036 1.351484
p 1
t 1.000000 -0.000191 0.000043 0.000417 0.000190 0.999996 0.002908 0.000418 -0.000043 -0.002908 0.999996 0.006274 0.000000 0.000000 0.000000 1.000000
t 0.520726 0.843681 0.130563 0.585978 -0.853719 0.515082 0.076508 5.121511 -0.002703 -0.151304 0.988484 0.323453 0.000000 0.000000 0.000000 1.000000
t 0.999998 -0.001306 -0.001689 0.002633 0.001036 0.988537 -0.150977 -0.049672 0.001867 0.150975 0.988536 -0.328893 0.000000 0.000000 0.000000 1.000000
t 0.999999 -0.000183 -0.000985 0.003245 0.000188 0.999989 0.004692 -0.014983 0.000985 -0.004692 0.999989 0.002518 0.000000 0.000000 0.000000 1.000000
t 0.999992 0.003716 -0.001700 0.009382 -0.003717 0.999993 -0.000283 -0.005447 0.001699 0.000289 0.999999 0.003212 0.000000 0.000000 0.000000 1.000000
t 0.993986 -0.109431 -0.004035 0.212179 0.107719 0.983732 -0.143764 0.322890 0.019701 0.142464 0.989604 -0.244087 0.000000 0.000000 0.000000 1.000000
t 0.839898 -0.542713 -0.005826 -0.466209 0.542694 0.839918 -0.004694 4.034263 0.007441 0.000781 0.999972 0.051663 0.000000 0.000000 0.000000 1.000000
t 0.432212 -0.899985 -0.056753 -4.621989 0.900853 0.433756 -0.017874 8.229836 0.040703 -0.043401 0.998228 0.379861 0.000000 0.000000 0.000000 1.000000
t 0.977090 -0.209455 -0.037722 0.345662 0.205630 0.974808 -0.086403 0.789164 0.054869 0.076667 0.995546 0.040239 0.000000 0.000000 0.000000 1.000000
t 0.999924 -0.002459 -0.012058 -0.009547 0.002165 0.999702 -0.024327 -0.007643 0.012114 0.024299 0.999631 0.060447 0.000000 0.000000 0.000000 1.000000
t 0.999998 0.002195 -0.000412 0.000773 -0.002196 0.999992 -0.003479 -0.026386 0.000405 0.003479 0.999994 0.006137 0.000000 0.000000 0.000000 1.000000
t 0.999285 -0.037170 -0.006871 0.061250 0.035825 0.989295 -0.141466 0.086802 0.012056 0.141118 0.989919 -0.267805 0.000000 0.000000 0.000000 1.000000
t 0.999998 -0.001814 -0.000707 -0.001268 0.001811 0.999991 -0.003896 -0.001556 0.000714 0.003895 0.999992 0.002114 0.000000 0.000000 0.000000 1.000000
t 1.000000 -0.000698 0.000678 0.001736 0.000700 0.999996 -0.002687 -0.004320 -0.000676 0.002687 0.999996 -0.002491 0.000000 0.000000 0.000000 1.000000
t 0.997367 0.070269 0.017915 -0.086733 -0.065594 0.979533 -0.190296 -0.297006 -0.030920 0.188620 0.981563 -0.466256 0.000000 0.000000 0.000000 1.000000
t 0.995925 -0.087017 -0.023714 0.052670 0.087975 0.995199 0.042888 0.336925 0.019868 -0.044799 0.998798 0.110303 0.000000 0.000000 0.000000 1.000000
t 1.000000 -0.000636 0.000618 0.002877 0.000637 0.999998 -0.002072 -0.007587 -0.000617 0.002072 0.999998 -0.002007 0.000000 0.000000 0.000000 1.000000
t 0.999993 0.003395 0.001623 0.014654 -0.003392 0.999993 -0.001646 -0.025692 -0.001629 0.001641 0.999997 -0.005213 0.000000 0.000000 0.000000 1.000000
p 2
t 0.999469 -0.032156 0.005280 0.221278 0.031930 0.998749 0.038480 -0.457593 -0.006511 -0.038291 0.999245 0.111462 0.000000 0.000000 0.000000 1.000000
t 0.976630 0.211477 0.038354 -0.312430 -0.214882 0.964393 0.154183 1.169813 -0.004382 -0.158821 0.987298 0.346621 0.000000 0.000000 0.000000 1.000000
t 0.997206 0.071570 -0.021415 -0.098026 -0.074643 0.966276 -0.246453 0.283603 0.003054 0.247363 0.968918 -0.528806 0.000000 0.000000 0.000000 1.000000
t 0.996046 -0.034951 -0.081672 0.301357 0.030036 0.997707 -0.060659 0.108048 0.083604 0.057966 0.994812 -0.275297 0.000000 0.000000 0.000000 1.000000
t 0.994602 -0.061632 -0.083477 0.386925 0.062106 0.998065 0.003100 0.098518 0.083125 -0.008267 0.996505 0.168191 0.000000 0.000000 0.000000 1.000000
t 0.012299 -0.999807 0.015341 -1.334349 0.976269 0.008689 -0.216385 5.554082 0.216210 0.017638 0.976188 0.730465 0.000000 0.000000 0.000000 1.000000
t 0.690534 -0.723161 -0.014153 -1.286646 0.722448 0.688641 0.061984 5.345756 -0.035078 -0.053027 0.997977 -0.179745 0.000000 0.000000 0.000000 1.000000
t 0.206471 -0.969011 -0.135597 -6.436150 0.968220 0.222331 -0.114541 9.104996 0.141139 -0.107638 0.984121 1.323595 0.000000 0.000000 0.000000 1.000000
t 0.092998 -0.995337 -0.025601 -1.283834 0.994754 0.091782 0.045168 5.675881 -0.042608 -0.029667 0.998651 -0.096782 0.000000 0.000000 0.000000 1.000000
t 0.580837 -0.812039 0.056748 -2.080490 0.799839 0.582286 0.145602 6.383434 -0.151279 -0.039182 0.987714 -1.062342 0.000000 0.000000 0.000000 1.000000
t -0.129628 -0.988278 -0.080640 -11.741736 0.902703 -0.151270 0.402796 8.639551 -0.410273 -0.020580 0.911730 -4.134924 0.000000 0.000000 0.000000 1.000000
t 0.290846 -0.931446 0.218672 0.372331 0.945194 0.315167 0.085311 4.741523 -0.148381 0.181875 0.972062 -0.811080 0.000000 0.000000 0.000000 1.000000
t 0.554008 -0.832491 -0.005900 -2.214347 0.713847 0.471382 0.517901 6.147109 -0.428367 -0.291133 0.855420 -2.837953 0.000000 0.000000 0.000000 1.000000
t 0.013668 -0.989399 -0.144578 -9.210424 0.929450 -0.040744 0.366692 7.477265 -0.368695 -0.139390 0.919040 -3.302504 0.000000 0.000000 0.000000 1.000000
t 0.993721 0.111799 0.004448 -0.213535 -0.107213 0.962819 -0.247962 -0.312342 -0.032004 0.245928 0.968760 -0.579389 0.000000 0.000000 0.000000 1.000000
t 0.558903 -0.819157 0.128876 1.334985 0.757664 0.567623 0.322102 3.421680 -0.337005 -0.082379 0.937892 -0.668510 0.000000 0.000000 0.000000 1.000000
t 0.483477 -0.841308 -0.241767 -3.429678 0.674138 0.181677 0.715913 6.005101 -0.558380 -0.509112 0.654994 -4.027026 0.000000 0.000000 0.000000 1.000000
t 0.118248 -0.992444 0.032736 -6.174849 0.991004 0.120029 0.059196 3.689462 -0.062678 0.025442 0.997709 -0.282563 0.000000 0.000000 0.000000 1.000000
p 3
t 1.000000 0.000000 0.000000 0.000000 -0.000000 1.000000 0.000000 -0.000000 -0.000000 0.000000 1.000000 0.000000 0.000000 0.000000 0.000000 1.000000
t 1.000000 -0.000000 -0.000000 -0.000000 0.000000 1.000000 -0.000000 0.000000 0.000000 0.000000 1.000000 -0.000000 0.000000 0.000000 0.000000 1.000000
t 0.990071 -0.126455 -0.061386 0.336102 0.117217 0.983752 -0.135987 -0.280581 0.077585 0.127442 0.988807 -0.523374 0.000000 0.000000 0.000000 1.000000
t 0.955875 -0.289913 -0.047464 0.585583 0.281867 0.950617 -0.129919 -0.311718 0.082786 0.110808 0.990388 -0.317547 0.000000 0.000000 0.000000 1.000000
t 0.885312 0.430095 -0.176750 0.777518 -0.431839 0.901435 0.030499 -0.972319 0.172446 0.049326 0.983783 0.410898 0.000000 0.000000 0.000000 1.000000
t 0.855473 -0.516145 -0.041946 0.664205 0.515948 0.856466 -0.016238 2.091007 0.044307 -0.007751 0.998988 0.169284 0.000000 0.000000 0.000000 1.000000
t 0.795005 -0.606582 0.005064 -0.729261 0.606402 0.794928 0.019111 4.488354 -0.015618 -0.012122 0.999805 -0.095309 0.000000 0.000000 0.000000 1.000000
t 0.811681 -0.582241 -0.046573 -1.378986 0.583672 0.811558 0.026486 5.191409 0.022375 -0.048681 0.998564 0.218099 0.000000 0.000000 0.000000 1.000000
t 0.969770 -0.212372 0.120185 0.386787 0.196660 0.971773 0.130319 0.847575 -0.144469 -0.102744 0.984161 -0.328015 0.000000 0.000000 0.000000 1.000000
t 0.994382 -0.098335 -0.039185 0.029657 0.099821 0.994282 0.037948 0.764738 0.035229 -0.041646 0.998511 0.299097 0.000000 0.000000 0.000000 1.000000
t 0.955475 -0.285671 -0.073889 -0.720648 0.289563 0.955925 0.048581 2.861526 0.056754 -0.067814 0.996082 0.504073 0.000000 0.000000 0.000000 1.000000
t 0.967336 0.209035 0.143405 -0.216909 -0.205857 0.977889 -0.036820 -0.618057 -0.147931 0.006097 0.988979 -0.456435 0.000000 0.000000 0.000000 1.000000
t 0.999949 0.010076 -0.001012 -0.008903 -0.010008 0.998542 0.053046 0.108863 0.001545 -0.053033 0.998592 0.033163 0.000000 0.000000 0.000000 1.000000
t 0.999468 0.002319 -0.032524 -0.119792 -0.002144 0.999983 0.005388 0.002879 0.032536 -0.005315 0.999456 0.245326 0.000000 0.000000 0.000000 1.000000
t 1.000000 -0.000000 0.000000 0.000000 0.000000 1.000000 0.000000 0.000000 0.000000 -0.000000 1.000000 0.000000 0.000000 0.000000 0.000000 1.000000
t 0.861011 0.502929 0.075644 -0.834452 -0.488915 0.859468 -0.149257 -1.183542 -0.140079 0.091528 0.985901 -0.459993 0.000000 0.000000 0.000000 1.000000
t 0.972787 0.231221 0.014888 0.015987 -0.230271 0.971917 -0.048510 -1.161617 -0.025687 0.043762 0.998712 -0.098933 0.000000 0.000000 0.000000 1.000000
t 0.973525 0.228408 -0.008894 0.248259 -0.228530 0.971749 -0.058973 -1.516821 -0.004827 0.059444 0.998220 0.077839 0.000000 0.000000 0.000000 1.000000
p 4
t 1.000000 0.000000 0.000000 0.000000 -0.000000 1.000000 0.000000 -0.000000 -0.000000 0.000000 1.000000 0.000000 0.000000 0.000000 0.000000 1.000000
t 0.997777 -0.002359 0.066600 0.045712 0.002056 0.999987 0.004626 -0.007689 -0.066610 -0.004479 0.997769 0.326267 0.000000 0.000000 0.000000 1.000000
t 0.992402 -0.040287 -0.116252 0.230771 0.033114 0.997465 -0.062987 -0.050253 0.118495 0.058659 0.991221 -0.560461 0.000000 0.000000 0.000000 1.000000
t 0.887167 -0.390449 -0.245936 1.495928 0.333189 0.910745 -0.243986 -0.055374 0.319249 0.134513 0.938076 -0.825696 0.000000 0.000000 0.000000 1.000000
t 0.694538 0.263619 -0.669419 2.820662 -0.371175 0.928358 -0.019513 -0.605929 0.616317 0.262024 0.742628 2.478265 0.000000 0.000000 0.000000 1.000000
t 0.997392 0.002294 0.072133 -0.167765 -0.005870 0.998762 0.049398 -0.113633 -0.071931 -0.049693 0.996171 -0.134137 0.000000 0.000000 0.000000 1.000000
t 0.964960 0.258448 0.045348 -0.652891 -0.259952 0.965121 0.031095 -1.858758 -0.035730 -0.041794 0.998487 -0.198909 0.000000 0.000000 0.000000 1.000000
t 0.999853 0.005662 0.016203 -0.037739 -0.006117 0.999585 0.028149 -0.114202 -0.016037 -0.028244 0.999472 -0.131891 0.000000 0.000000 0.000000 1.000000
t 0.989863 0.089450 0.110322 -0.185000 -0.092598 0.995420 0.023743 -0.327428 -0.107693 -0.033718 0.993612 -0.333725 0.000000 0.000000 0.000000 1.000000
t 0.960002 0.277740 0.035450 -0.560659 -0.273413 0.957184 -0.095098 -2.021644 -0.060344 0.081601 0.994837 -0.531120 0.000000 0.000000 0.000000 1.000000
t 0.995386 -0.091369 -0.029312 -0.144909 0.092946 0.993986 0.057908 0.984441 0.023844 -0.060365 0.997892 0.190924 0.000000 0.000000 0.000000 1.000000
t 0.300870 -0.953077 -0.033491 -0.095896 0.892285 0.268936 0.362631 4.808618 -0.336609 -0.138988 0.931331 -0.816716 0.000000 0.000000 0.000000 1.000000
t 0.559103 -0.827819 0.046027 -2.022818 0.798904 0.552756 0.237094 5.721357 -0.221713 -0.095789 0.970396 -1.355605 0.000000 0.000000 0.000000 1.000000
t 0.462922 -0.886207 0.018455 -5.021487 0.642614 0.349873 0.681642 6.795435 -0.610533 -0.303688 0.731453 -6.032151 0.000000 0.000000 0.000000 1.000000
t 0.991122 0.012639 0.132355 0.272430 -0.035932 0.983892 0.175116 0.429723 -0.128009 -0.178317 0.975611 0.380176 0.000000 0.000000 0.000000 1.000000
t 0.440272 -0.890833 -0.112151 0.242947 0.895676 0.427043 0.124090 3.063426 -0.062651 -0.155084 0.985913 0.122845 0.000000 0.000000 0.000000 1.000000
t 0.473612 -0.878760 0.058927 -2.007309 0.788065 0.452704 0.417149 5.059324 -0.393250 -0.151129 0.906926 -2.056854 0.000000 0.000000 0.000000 1.000000
t 0.771003 -0.633873 0.061305 -2.038373 0.517753 0.679976 0.519195 4.693425 -0.370790 -0.368560 0.852454 -3.332315 0.000000 0.000000 0.000000 1.000000
w 14/1.000000 1/0.000000 2/0.000000 3/0.000000
w 14/1.000000 1/0.000000 2/0.000000 3/0.000000
w 14/1.000000 1/0.000000 2/0.000000 3/0.000000
w 14/1.000000 1/0.000000 2/0.000000 3/0.000000
w 14/1.000000 1/0.000000 2/0.000000 3/0.000000
w 14/1.000000 1/0.000000 2/0.000000 3/0.000000
w 14/1.000000 1/0.000000 2/0.000000 3/0.000000
w 14/1.000000 1/0.000000 2/0.000000 3/0.000000
w 14/1.000000 1/0.000000 2/0.000000 3/0.000000
w 14/1.000000 1/0.000000 2/0.000000 3/0.000000
w 14/1.000000 1/0.000000 2/0.000000 3/0.000000
w 14/1.000000 1/0.000000 2/0.000000 3/0.000000
w 14/1.000000 1/0.000000 2/0.000000 3/0.000000
w 14/0.826889 13/0.173111 1/0.000000 2/0.000000
w 14/0.982442 13/0.017558 1/0.000000 2/0.000000
w 14/0.986851 13/0.013149 1/0.000000 2/0.000000
w 14/1.000000 1/0.000000 2/0.000000 3/0.000000
w 14/1.000000 1/0.000000 2/0.000000 3/0.000000
w 14/0.991945 13/0.008055 1/0.000000 2/0.000000
w 14/1.000000 1/0.000000 2/0.000000 3/0.000000
w 18/1.000000 1/0.000000 2/0.000000 3/0.000000
w 18/1.000000 1/0.000000 2/0.000000 3/0.000000
w 18/0.989973 17/0.010027 1/0.000000 2/0.000000
w 18/1.000000 1/0.000000 2/0.000000 3/0.000000
w 18/1.000000 1/0.000000 2/0.000000 3/0.000000
w 18/1.000000 1/0.000000 2/0.000000 3/0.000000
w 18/1.000000 1/0.000000 2/0.000000 3/0.000000
w 18/1.000000 1/0.000000 2/0.000000 3/0.000000
w 18/1.000000 1/0.000000 2/0.000000 3/0.000000
w 18/0.956130 17/0.043870 1/0.000000 2/0.000000
w 18/1.000000 1/0.000000 2/0.000000 3/0.000000
w 18/1.000000 1/0.000000 2/0.000000 3/0.000000
w 18/1.000000 1/0.000000 2/0.000000 3/0.000000
w 18/0.826745 17/0.173255 1/0.000000 2/0.000000
w 18/0.885504 17/0.114496 1/0.000000 2/0.000000
w 18/1.000000 1/0.000000 2/0.000000 3/0.000000
w 18/1.000000 1/0.000000 2/0.000000 3/0.000000
w 18/0.995294 17/0.004706 1/0.000000 2/0.000000
w 18/1.000000 1/0.000000 2/0.000000 3/0.000000
w 18/1.000000 1/0.000000 2/0.000000 3/0.000000
w 17/0.608657 18/0.391343 1/0.000000 2/0.000000
w 18/0.753024 17/0.246976 1/0.000000 2/0.000000
w 18/0.773182 17/0.226818 1/0.000000 2/0.000000
w 18/1.000000 1/0.000000 2/0.000000 3/0.000000
w 18/1.000000 1/0.000000 2/0.000000 3/0.000000
w 18/1.000000 1/0.000000 2/0.000000 3/0.000000
w 18/0.764152 17/0.235848 1/0.000000 2/0.000000
w 18/0.945267 17/0.054733 1/0.000000 2/0.000000
w 18/0.978321 17/0.021679 1/0.000000 2/0.000000
w 18/0.970462 17/0.029538 1/0.000000 2/0.000000
w 17/0.584800 18/0.415200 1/0.000000 2/0.000000
w 18/0.767613 17/0.232387 1/0.000000 2/0.000000
w 18/0.988980 17/0.011020 1/0.000000 2/0.000000
w 18/1.000000 1/0.000000 2/0.000000 3/0.000000
w 18/0.798132 17/0.201868 1/0.000000 2/0.000000
w 18/1.000000 1/0.000000 2/0.000000 3/0.000000
w 18/1.000000 1/0.000000 2/0.000000 3/0.000000
w 18/1.000000 1/0.000000 2/0.000000 3/0.000000
w 17/0.856184 18/0.143816 1/0.000000 2/0.000000
w 17/0.615715 18/0.384285 1/0.000000 2/0.000000
w 14/1.000000 1/0.000000 2/0.000000 3/0.000000
w 14/1.000000 1/0.000000 2/0.000000 3/0.000000
w 14/1.000000 1/0.000000 2/0.000000 3/0.000000
w 14/1.000000 1/0.000000 2/0.000000 3/0.000000
w 14/1.000000 1/0.000000 2/0.000000 3/0.000000
w 14/1.000000 1/0.000000 2/0.000000 3/0.000000
w 13/0.829383 14/0.170617 1/0.000000 2/0.000000
w 14/0.818286 13/0.181714 1/0.000000 2/0.000000
w 14/0.750105 13/0.249895 1/0.000000 2/0.000000
w 14/0.932732 13/0.067268 1/0.000000 2/0.000000
w 14/0.926440 13/0.073560 1/0.000000 2/0.000000
w 14/1.000000 1/0.000000 2/0.000000 3/0.000000
w 14/1.000000 1/0.000000 2/0.000000 3/0.000000
w 14/1.000000 1/0.000000 2/0.000000 3/0.000000
w 13/0.813387 14/0.186613 1/0.000000 2/0.000000
w 14/0.779104 13/0.220896 1/0.000000 2/0.000000
w 14/0.933613 13/0.066387 1/0.000000 2/0.000000
w 13/0.714782 14/0.285218 1/0.000000 2/0.000000
w 14/0.690190 13/0.309810 1/0.000000 2/0.000000
w 14/0.864009 13/0.135991 1/0.000000 2/0.000000
w 14/0.853740 13/0.146260 1/0.000000 2/0.000000
w 14/0.731787 13/0.268213 1/0.000000 2/0.000000
w 14/0.896891 13/0.103109 1/0.000000 2/0.000000
w 14/0.904070 13/0.095930 1/0.000000 2/0.000000
w 14/1.000000 1/0.000000 2/0.000000 3/0.000000
w 18/0.839443 17/0.160557 1/0.000000 2/0.000000
w 13/0.987095 14/0.012905 1/0.000000 2/0.000000
w 13/0.945900 14/0.041058 12/0.013042 1/0.000000
w 13/0.721413 14/0.278587 1/0.000000 2/0.000000
w 13/0.951299 14/0.036048 12/0.012653 1/0.000000
w 14/0.616668 13/0.383332 1/0.000000 2/0.000000
w 13/0.744753 14/0.255247 1/0.000000 2/0.000000
w 14/0.574684 13/0.425316 1/0.000000 2/0.000000
w 13/0.842114 12/0.157886 1/0.000000 2/0.000000
w 13/0.971512 14/0.028488 1/0.000000 2/0.000000
w 13/0.721025 14/0.278975 1/0.000000 2/0.000000
w 17/0.928018 16/0.071982 1/0.000000 2/0.000000
w 17/0.880042 18/0.119958 1/0.000000 2/0.000000
w 18/0.514861 17/0.485139 1/0.000000 2/0.000000
w 18/0.514126 17/0.485874 1/0.000000 2/0.000000
w 17/0.907237 18/0.092763 1/0.000000 2/0.000000
w 17/0.897779 18/0.102221 1/0.000000 2/0.000000
w 17/0.519283 18/0.480717 1/0.000000 2/0.000000
w 17/0.858397 18/0.141603 1/0.000000 2/0.000000
w 12/0.859485 13/0.140515 1/0.000000 2/0.000000
w 17/0.845534 18/0.154466 1/0.000000 2/0.000000
w 17/0.597039 18/0.402961 1/0.000000 2/0.000000
w 12/0.607669 13/0.392331 1/0.000000 2/0.000000
w 13/0.816493 12/0.183507 1/0.000000 2/0.000000
w 17/0.872179 18/0.127821 1/0.000000 2/0.000000
w 17/0.519893 18/0.480107 1/0.000000 2/0.000000
w 17/0.860418 16/0.139582 1/0.000000 2/0.000000
w 17/0.871059 18/0.128941 1/0.000000 2/0.000000
w 17/0.507015 16/0.492985 1/0.000000 2/0.000000
w 17/0.828129 16/0.171871 1/0.000000 2/0.000000
w 16/0.583551 17/0.416449 1/0.000000 2/0.000000
w 17/0.819112 16/0.180888 1/0.000000 2/0.000000
w 16/0.872524 17/0.127476 1/0.000000 2/0.000000
w 16/0.554821 17/0.445179 1/0.000000 2/0.000000
w 16/0.842146 17/0.157854 1/0.000000 2/0.000000
w 17/0.820526 16/0.179474 1/0.000000 2/0.000000
w 16/0.801218 17/0.198782 1/0.000000 2/0.000000
w 17/0.606666 16/0.393334 1/0.000000 2/0.000000
w 17/0.845065 16/0.154935 1/0.000000 2/0.000000
w 16/0.876988 17/0.123012 1/0.000000 2/0.000000
w 16/0.629045 17/0.370955 1/0.000000 2/0.000000
w 17/0.815201 16/0.184799 1/0.000000 2/0.000000
w 16/0.998835 17/0.001165 1/0.000000 2/0.000000
w 16/0.971647 17/0.028353 1/0.000000 2/0.000000
w 15/0.535735 2/0.385507 1/0.078478 3/0.000280
w 2/0.526953 15/0.326796 1/0.129711 3/0.016540
w 13/0.985879 14/0.014121 1/0.000000 2/0.000000
w 13/0.960396 14/0.039604 1/0.000000 2/0.000000
w 13/0.531622 12/0.468378 1/0.000000 2/0.000000
w 13/0.852126 12/0.147874 1/0.000000 2/0.000000
w 13/0.903619 12/0.096381 1/0.000000 2/0.000000
w 13/0.678007 12/0.321993 1/0.000000 2/0.000000
w 13/0.859607 12/0.140393 1/0.000000 2/0.000000
w 16/0.748287 17/0.251713 1/0.000000 2/0.000000
w 17/0.700149 16/0.299851 1/0.000000 2/0.000000
w 17/0.873795 16/0.126205 1/0.000000 2/0.000000
w 12/0.844964 13/0.155036 1/0.000000 2/0.000000
w 12/0.916346 13/0.083654 1/0.000000 2/0.000000
w 16/0.519709 17/0.480291 1/0.000000 2/0.000000
w 12/0.982473 16/0.017527 1/0.000000 2/0.000000
w 12/0.816181 13/0.183819 1/0.000000 2/0.000000
w 13/0.555567 12/0.444433 1/0.000000 2/0.000000
w 16/0.851793 17/0.148207 1/0.000000 2/0.000000
w 17/0.659276 16/0.340724 1/0.000000 2/0.000000
w 16/1.000000 1/0.000000 2/0.000000 3/0.000000
w 16/0.896429 17/0.103571 1/0.000000 2/0.000000
w 16/0.957041 17/0.042959 1/0.000000 2/0.000000
w 16/1.000000 1/0.000000 2/0.000000 3/0.000000
w 12/0.639267 16/0.341807 15/0.018926 1/0.000000
w 16/0.994411 15/0.005589 1/0.000000 2/0.000000
w 12/0.974978 16/0.025022 1/0.000000 2/0.000000
w 16/0.864139 12/0.078900 17/0.056961 1/0.000000
w 12/1.000000 1/0.000000 2/0.000000 3/0.000000
w 16/0.727450 12/0.272550 1/0.000000 2/0.000000
w 16/0.799383 17/0.200617 1/0.000000 2/0.000000
w 16/0.924937 17/0.059115 12/0.015948 1/0.000000
w 12/0.698130 16/0.301870 1/0.000000 2/0.000000
w 16/0.960315 15/0.039685 1/0.000000 2/0.000000
w 16/0.824475 15/0.175525 1/0.000000 2/0.000000
w 16/0.872232 15/0.126990 12/0.000778 1/0.000000
w 16/0.632085 12/0.275601 15/0.092314 1/0.000000
w 16/1.000000 1/0.000000 2/0.000000 3/0.000000
w 16/0.921600 15/0.078400 1/0.000000 2/0.000000
w 15/0.633476 16/0.366524 1/0.000000 2/0.000000
w 15/0.635323 16/0.364677 1/0.000000 2/0.000000
w 15/0.945673 2/0.054324 16/0.000003 1/0.000000
w 15/0.692927 16/0.233633 2/0.073440 1/0.000000
w 15/1.000000 1/0.000000 2/0.000000 3/0.000000
w 16/0.613001 15/0.386999 1/0.000000 2/0.000000
w 15/0.875338 2/0.124661 16/0.000001 1/0.000000
w 15/0.852457 2/0.147543 1/0.000000 3/0.000000
w 15/0.968778 2/0.031209 16/0.000013 1/0.000000
w 15/0.903374 2/0.092771 12/0.003855 1/0.000000
w 15/0.938466 2/0.061534 1/0.000000 3/0.000000
w 15/0.735619 2/0.204037 1/0.060344 3/0.000000
w 15/0.581281 2/0.331172 1/0.087547 3/0.000000
w 2/0.485537 15/0.359344 1/0.155119 3/0.000000
w 2/0.448168 15/0.388383 1/0.163449 3/0.000000
w 1/0.446633 2/0.419947 15/0.133421 3/0.000000
w 1/0.626636 2/0.289022 15/0.084342 3/0.000000
w 2/0.519374 1/0.292898 15/0.187728 3/0.000000
w 1/0.483411 2/0.413802 15/0.102787 3/0.000000
w 2/0.466327 1/0.377876 15/0.155797 3/0.000000
w 1/0.482720 2/0.402328 15/0.114953 3/0.000000
w 1/0.849248 2/0.133381 15/0.017371 3/0.000000
w 1/0.796341 2/0.175623 15/0.028036 3/0.000000
w 1/0.816397 2/0.156921 15/0.026682 3/0.000000
w 1/0.988073 2/0.011927 3/0.000000 4/0.000000
w 1/0.982003 2/0.017997 3/0.000000 4/0.000000
w 1/0.984623 2/0.015377 3/0.000000 4/0.000000
w 1/1.000000 2/0.000000 3/0.000000 4/0.000000
w 1/1.000000 2/0.000000 3/0.000000 4/0.000000
w 1/1.000000 2/0.000000 3/0.000000 4/0.000000
w 1/1.000000 2/0.000000 3/0.000000 4/0.000000
w 1/1.000000 2/0.000000 3/0.000000 4/0.000000
w 1/1.000000 2/0.000000 3/0.000000 4/0.000000
w 12/1.000000 1/0.000000 2/0.000000 3/0.000000
w 15/0.661281 16/0.338719 1/0.000000 2/0.000000
w 16/0.663105 15/0.336895 1/0.000000 2/0.000000
w 16/0.586171 15/0.413829 1/0.000000 2/0.000000
w 16/0.963929 15/0.036070 12/0.000001 1/0.000000
w 15/0.623515 16/0.174482 12/0.153109 2/0.048894
w 15/1.000000 1/0.000000 2/0.000000 3/0.000000
w 15/0.999993 16/0.000007 1/0.000000 2/0.000000
w 15/1.000000 1/0.000000 2/0.000000 3/0.000000
w 15/0.945466 2/0.054534 1/0.000000 3/0.000000
w 15/0.951654 2/0.039537 16/0.008809 1/0.000000
w 15/0.949896 2/0.050104 1/0.000000 3/0.000000
w 15/0.769447 2/0.180980 1/0.049573 3/0.000000
w 15/0.786727 2/0.182798 1/0.030475 3/0.000000
w 15/0.788206 2/0.196649 1/0.015145 3/0.000000
w 2/0.462963 15/0.378306 1/0.158731 3/0.000000
w 2/0.511259 15/0.334914 1/0.153827 3/0.000000
w 1/0.497712 2/0.391547 15/0.110741 3/0.000000
w 1/0.999838 2/0.000162 3/0.000000 4/0.000000
w 1/1.000000 2/0.000000 3/0.000000 4/0.000000
w 1/1.000000 2/0.000000 3/0.000000 4/0.000000
w 1/1.000000 2/0.000000 3/0.000000 4/0.000000
w 1/1.000000 2/0.000000 3/0.000000 4/0.000000
w 1/1.000000 2/0.000000 3/0.000000 4/0.000000
w 11/1.000000 1/0.000000 2/0.000000 3/0.000000
w 11/1.000000 1/0.000000 2/0.000000 3/0.000000
w 11/1.000000 1/0.000000 2/0.000000 3/0.000000
w 11/1.000000 1/0.000000 2/0.000000 3/0.000000
w 11/0.974267 10/0.025733 1/0.000000 2/0.000000
w 11/0.955201 10/0.044799 1/0.000000 2/0.000000
w 11/1.000000 1/0.000000 2/0.000000 3/0.000000
w 11/1.000000 1/0.000000 2/0.000000 3/0.000000
w 11/1.000000 1/0.000000 2/0.000000 3/0.000000
w 11/1.000000 1/0.000000 2/0.000000 3/0.000000
w 11/1.000000 1/0.000000 2/0.000000 3/0.000000
w 11/1.000000 1/0.000000 2/0.000000 3/0.000000
w 11/0.753992 10/0.246008 1/0.000000 2/0.000000
w 11/0.805141 10/0.194859 1/0.000000 2/0.000000
w 11/0.954689 10/0.045311 1/0.000000 2/0.000000
w 11/1.000000 1/0.000000 2/0.000000 3/0.000000
w 11/0.967338 10/0.032662 1/0.000000 2/0.000000
w 11/0.937692 10/0.062308 1/0.000000 2/0.000000
w 11/1.000000 1/0.000000 2/0.000000 3/0.000000
w 11/1.000000 1/0.000000 2/0.000000 3/0.000000
w 11/1.000000 1/0.000000 2/0.000000 3/0.000000
w 11/1.000000 1/0.000000 2/0.000000 3/0.000000
w 11/1.000000 1/0.000000 2/0.000000 3/0.000000
w 11/0.926678 10/0.073322 1/0.000000 2/0.000000
w 11/0.997440 10/0.002560 1/0.000000 2/0.000000
w 11/0.989756 10/0.010244 1/0.000000 2/0.000000
w 11/0.996374 10/0.003626 1/0.000000 2/0.000000
w 10/0.664541 11/0.335459 1/0.000000 2/0.000000
w 10/0.853958 11/0.146042 1/0.000000 2/0.000000
w 11/0.671319 10/0.328681 1/0.000000 2/0.000000
w 10/0.531878 11/0.468122 1/0.000000 2/0.000000
w 10/0.829177 11/0.170823 1/0.000000 2/0.000000
w 10/0.535342 11/0.464658 1/0.000000 2/0.000000
w 10/0.796467 11/0.203533 1/0.000000 2/0.000000
w 10/0.680076 11/0.319924 1/0.000000 2/0.000000
w 11/0.632609 10/0.367391 1/0.000000 2/0.000000
w 11/0.900295 10/0.099705 1/0.000000 2/0.000000
w 10/0.777546 11/0.222454 1/0.000000 2/0.000000
w 10/0.581272 11/0.418728 1/0.000000 2/0.000000
w 10/0.725713 11/0.274287 1/0.000000 2/0.000000
w 10/0.567778 11/0.432222 1/0.000000 2/0.000000
w 11/0.681357 10/0.318643 1/0.000000 2/0.000000
w 11/0.709034 10/0.290966 1/0.000000 2/0.000000
w 11/0.919697 10/0.080303 1/0.000000 2/0.000000
w 11/0.926972 10/0.073028 1/0.000000 2/0.000000
w 10/0.845815 11/0.154185 1/0.000000 2/0.000000
w 10/0.686755 11/0.313245 1/0.000000 2/0.000000
w 11/0.612025 10/0.387975 1/0.000000 2/0.000000
w 11/0.921009 10/0.078991 1/0.000000 2/0.000000
w 10/0.595081 11/0.404919 1/0.000000 2/0.000000
w 10/0.804840 11/0.195160 1/0.000000 2/0.000000
w 11/0.656138 10/0.343862 1/0.000000 2/0.000000
w 13/0.655873 14/0.344127 1/0.000000 2/0.000000
w 10/0.995505 11/0.002955 9/0.001540 1/0.000000
w 10/0.877303 9/0.122697 1/0.000000 2/0.000000
w 10/0.890792 9/0.109208 1/0.000000 2/0.000000
w 10/0.967603 11/0.032397 1/0.000000 2/0.000000
w 10/0.974153 11/0.025847 1/0.000000 2/0.000000
w 13/0.946560 14/0.053440 1/0.000000 2/0.000000
w 14/0.785687 13/0.214313 1/0.000000 2/0.000000
w 13/0.646964 14/0.353036 1/0.000000 2/0.000000
w 10/0.828932 9/0.171068 1/0.000000 2/0.000000
w 13/0.589523 12/0.410477 1/0.000000 2/0.000000
w 13/0.860270 12/0.139730 1/0.000000 2/0.000000
w 13/0.950206 14/0.048930 12/0.000864 1/0.000000
w 9/0.767546 10/0.232454 1/0.000000 2/0.000000
w 12/0.863677 13/0.136323 1/0.000000 2/0.000000
w 12/0.879714 13/0.120286 1/0.000000 2/0.000000
w 12/0.630486 13/0.369514 1/0.000000 2/0.000000
w 15/0.475431 2/0.436998 1/0.063147 3/0.024424
w 2/0.592627 1/0.216947 3/0.110590 15/0.079836
w 2/0.576805 1/0.235162 15/0.129377 3/0.058656
w 2/0.558384 1/0.248772 15/0.167455 3/0.025389
w 2/0.570341 15/0.265025 1/0.112942 3/0.051692
w 2/0.637742 15/0.159113 3/0.102730 1/0.100415
w 2/0.420934 3/0.382996 1/0.164811 15/0.021218
w 2/0.508388 3/0.281219 1/0.169823 15/0.039007
w 2/0.573712 1/0.196589 3/0.170232 15/0.059467
w 2/0.625092 3/0.209387 15/0.085269 1/0.080252
w 2/0.574381 3/0.283768 1/0.071552 15/0.070299
w 2/0.640235 3/0.152743 15/0.110375 1/0.096647
w 2/0.454740 1/0.424064 15/0.066337 3/0.054858
w 2/0.452456 1/0.422071 3/0.081164 15/0.044309
w 3/0.519603 2/0.312482 1/0.166264 4/0.001610
w 2/0.384871 1/0.350278 3/0.264851 4/0.000000
w 2/0.443687 1/0.360254 3/0.190989 15/0.005070
w 1/1.000000 2/0.000000 3/0.000000 4/0.000000
w 1/1.000000 2/0.000000 3/0.000000 4/0.000000
w 1/1.000000 2/0.000000 3/0.000000 4/0.000000
w 1/1.000000 2/0.000000 3/0.000000 4/0.000000
w 1/1.000000 2/0.000000 3/0.000000 4/0.000000
w 1/1.000000 2/0.000000 3/0.000000 4/0.000000
w 1/1.000000 2/0.000000 3/0.000000 4/0.000000
w 10/1.000000 1/0.000000 2/0.000000 3/0.000000
w 10/1.000000 1/0.000000 2/0.000000 3/0.000000
w 10/1.000000 1/0.000000 2/0.000000 3/0.000000
w 10/0.859921 11/0.140079 1/0.000000 2/0.000000
w 10/0.699837 9/0.300163 1/0.000000 2/0.000000
w 10/0.866461 9/0.133539 1/0.000000 2/0.000000
w 10/0.707226 9/0.292774 1/0.000000 2/0.000000
w 10/0.901903 9/0.098097 1/0.000000 2/0.000000
w 10/0.950823 9/0.049177 1/0.000000 2/0.000000
w 10/0.998334 9/0.001666 1/0.000000 2/0.000000
w 10/0.884761 9/0.115239 1/0.000000 2/0.000000
w 10/1.000000 1/0.000000 2/0.000000 3/0.000000
w 12/0.858984 13/0.141016 1/0.000000 2/0.000000
w 9/0.759209 10/0.240791 1/0.000000 2/0.000000
w 13/0.654444 12/0.345556 1/0.000000 2/0.000000
w 13/0.874175 12/0.125825 1/0.000000 2/0.000000
w 9/0.523794 10/0.476206 1/0.000000 2/0.000000
w 9/0.732093 10/0.267907 1/0.000000 2/0.000000
w 10/0.587978 9/0.412022 1/0.000000 2/0.000000
w 10/0.557699 9/0.442301 1/0.000000 2/0.000000
